OpenCV version : 3.4.0
Major version : 3
Minor version : 4
Subminor version : 0
Working on point file : ../Matlab scripts/points.txt
Camera initialized!
pixel clock range: 38-344        increment: 0
pixel range: 38
Camera pixel clock succesfully set!
FrameTimeRange: 0.111483-0.5     increment: 1e-06exposure range: 0.112705-209.935        increment: 0.0543158
exposure: 209.935 [ms]
Camera exposure succesfully set!
Camera color mode succesfully set!
Display mode succesfully set!
Trigger mode succesfully set!
Trigger mode: 0
file read
press enter to capture image
image captured. processing...
pattern found press enter to save.
pattern saved: 1/5
press enter to capture image
image captured. processing...
pattern found press enter to save.
pattern saved: 2/5
press enter to capture image
image captured. processing...
pattern found press enter to save.
pattern saved: 3/5
press enter to capture image
image captured. processing...
pattern found press enter to save.
pattern saved: 4/5
press enter to capture image
image captured. processing...
pattern found press enter to save.
pattern saved: 5/5

------------------------------------------------------Results------------------------------------------------------

Errorsquare:    -6.27744e+66
intrinsics:
[9699.367579194281, 0, 1013.0560415461;
 0, 9701.106378600216, 921.0251907490934;
 0, 0, 1]
distortion coeffs:
[-0.630886344735199, 68.87523133930196, 0.01357529425186616, 0.00247509168609643, -2247.768018156913]

------------------------------------------------------Result means and SDs------------------------------------------------------

Mean of rvecsall:
[1.50322960475667;
 0.4476155688984589;
 -0.4483236429099543]
Standard Deviation of rvecsall:
[0.01255939841691416;
 0.007192865740727561;
 0.008865548127552508]
Mean of tvecsall:
[-8.060600585788192;
 98.56263597397994;
 697.6662501801856]
Standard Deviation of tvecsall:
[0.06162146633396801;
 0.04814496917735463;
 0.1312250636948913]

------------------------------------------------------Printing all Cam positions:------------------------------------------------------
[0.838569657658786, -0.004854708063505353, -0.544772760941335, 387.2186462443449;
 0.5447723976489114, 0.01645750688223908, 0.8384224384086326, -582.1557217392054;
 0.004895305290082086, -0.9998527803015999, 0.0164454768637977, 87.12351558624761;
 0, 0, 0, 1]
[0.8399891725669989, -0.005764700991260474, -0.5425725372636274, 385.8712132903458;
 0.5425669449688151, 0.02047646819979419, 0.8397629573143064, -583.6136488497947;
 0.006268986952906619, -0.999773715633965, 0.02032774778572649, 84.42920893637451;
 0, 0, 0, 1]
[0.8338265780076746, -0.008243372116391756, -0.5519649306107791, 392.7086432739236;
 0.5519854174245342, 0.02464653190001461, 0.8334894404945777, -579.6195195082062;
 0.006733257656907909, -0.9996622406000198, 0.02510115455259843, 81.09786340810167;
 0, 0, 0, 1]
[0.8379712719393323, -0.01263672260316134, -0.5455680165169401, 388.6792233454054;
 0.5456774050787958, 0.03103520628964003, 0.8374204353591039, -582.8584466790344;
 0.006349566193781409, -0.9994384069128073, 0.03290218528822288, 75.6276379690736;
 0, 0, 0, 1]
[0.8497090744577724, 0.0003969028436870969, -0.5272516773346949, 374.6098073888453;
 0.527245574210276, 0.004230399176345156, 0.8497024233215329, -588.79501543672;
 0.002567734369627261, -0.9999909730547281, 0.003385343300993715, 96.13640048634606;
 0, 0, 0, 1]

------------------------------------------------------Printing all Cam Extrensics:------------------------------------------------------
[0.8385696576587858, 0.5447723976489114, 0.004895305290082197, -7.993935490059212;
 -0.004854708063505469, 0.01645750688223906, -0.9998527803015997, 98.57135456987935;
 -0.5447727609413349, 0.8384224384086327, 0.01644547686379766, 697.6058029967536;
 0, 0, 0, 1]
[0.8399891725669983, 0.5425669449688151, 0.006268986952906706, -8.007452279911737;
 -0.005764700991260554, 0.02047646819979415, -0.999773715633965, 98.58488241374793;
 -0.5425725372636273, 0.8397629573143065, 0.02032774778572648, 697.7439912740271;
 0, 0, 0, 1]
[0.8338265780076742, 0.5519854174245341, 0.006733257656907951, -8.055434561738613;
 -0.008243372116391791, 0.02464653190001459, -0.9996622406000201, 98.59332629967774;
 -0.5519649306107792, 0.8334894404945778, 0.02510115455259844, 697.832498046283;
 0, 0, 0, 1]
[0.8379712719393324, 0.545677405078796, 0.006349566193781375, -8.129541144432029;
 -0.01263672260316132, 0.03103520628964006, -0.9994384069128074, 98.58592966776052;
 -0.5455680165169401, 0.837420435359104, 0.03290218528822288, 697.6602125552166;
 0, 0, 0, 1]
[0.8497090744577717, 0.5272455742102756, 0.002567734369627427, -8.116639452799408;
 0.00039690284368693, 0.004230399176345105, -0.9999909730547276, 98.47768691883415;
 -0.5272516773346946, 0.8497024233215327, 0.003385343300993669, 697.4887460286476;
 0, 0, 0, 1]
