OpenCV version : 3.4.0
Major version : 3
Minor version : 4
Subminor version : 0
Working on point file : ../Matlab scripts/points.txt
Camera initialized!
pixel clock range: 38-344        increment: 0
pixel range: 38
Camera pixel clock succesfully set!
FrameTimeRange: 0.111483-0.5     increment: 1e-06exposure range: 0.112705-209.935        increment: 0.0543158
exposure: 209.935 [ms]
Camera exposure succesfully set!
Camera color mode succesfully set!
Display mode succesfully set!
Trigger mode succesfully set!
Trigger mode: 0
file read
press enter to capture image
image captured. processing...
pattern found press enter to save.
pattern saved: 1/5
press enter to capture image
image captured. processing...
pattern found press enter to save.
pattern saved: 2/5
press enter to capture image
image captured. processing...
pattern found press enter to save.
pattern saved: 3/5
press enter to capture image
image captured. processing...
pattern found press enter to save.
press enter to capture image
image captured. processing...
pattern found press enter to save.
pattern saved: 4/5
press enter to capture image
image captured. processing...
pattern found press enter to save.
pattern saved: 5/5

------------------------------------------------------Results------------------------------------------------------

Errorsquare:    -6.27744e+66
intrinsics:
[9699.367579194281, 0, 1013.0560415461;
 0, 9701.106378600216, 921.0251907490934;
 0, 0, 1]
distortion coeffs:
[-0.630886344735199, 68.87523133930196, 0.01357529425186616, 0.00247509168609643, -2247.768018156913]

------------------------------------------------------Result means and SDs------------------------------------------------------

Mean of rvecsall:
[1.500369815737888;
 0.4523556382636478;
 -0.4538374728409653]
Standard Deviation of rvecsall:
[0.008492322278527101;
 0.006520101584972895;
 0.006662097348766794]
Mean of tvecsall:
[-8.041585537278923;
 98.56660489706471;
 697.6267274669888]
Standard Deviation of tvecsall:
[0.06192221263613919;
 0.04286095016391368;
 0.1594676100615317]

------------------------------------------------------Printing all Cam positions:------------------------------------------------------
[0.8392789423417624, -0.004862941704567358, -0.5436793252825333, 386.4533818430493;
 0.5436785501419572, 0.01660809960149141, 0.839129194548233, -582.6976116609358;
 0.004948844029875388, -0.9998502502003012, 0.01658270536321037, 87.03224349361764;
 0, 0, 0, 1]
[0.8371852170681632, -0.005823265229467023, -0.5468884730039563, 388.8313409517931;
 0.5468833333602756, 0.02040871194683563, 0.8369600373789805, -581.6047877148386;
 0.006287449028460179, -0.9997747616632149, 0.0202705186410251, 84.46999973323835;
 0, 0, 0, 1]
[0.8281074310018647, -0.008469847493709659, -0.5605054365507307, 398.6006416921372;
 0.5605318415227614, 0.0240899007401366, 0.827782417861984, -575.4655501273185;
 0.006491329493548859, -0.9996739160175, 0.0246966450280704, 81.38153805627343;
 0, 0, 0, 1]
[0.8373458332618479, -0.01251323301976554, -0.5465303052150126, 389.316768226616;
 0.5466358723152871, 0.03090063069980378, 0.836800080138894, -582.4269457940919;
 0.0064170567339637, -0.9994441305154318, 0.03271469640888784, 75.76031363092332;
 0, 0, 0, 1]
[0.8398798869295288, -0.004449478920551975, -0.5427540673901743, 385.7362921939821;
 0.5427639843207848, 0.01242204222337603, 0.8397933973253348, -582.4634414491644;
 0.003005470923011899, -0.9999129437127695, 0.01284804032507307, 89.54688435649336;
 0, 0, 0, 1]

------------------------------------------------------Printing all Cam extrensics:------------------------------------------------------
[0.8392789423417621, 0.5436785501419573, 0.004948844029875343, -7.972701897252809;
 -0.00486294170456731, 0.01660809960149142, -0.9998502502003013, 98.57601067203876;
 -0.5436793252825335, 0.8391291945482332, 0.0165827053632104, 697.6220613808487;
 0, 0, 0, 1]
[0.8371852170681637, 0.5468833333602758, 0.006287449028460104, -7.984986391602423;
 -0.005823265229466951, 0.02040871194683566, -0.9997747616632152, 98.58504645825444;
 -0.5468884730039567, 0.8369600373789807, 0.02027051864102513, 697.7150924706124;
 0, 0, 0, 1]
[0.8281074310018648, 0.5605318415227615, 0.006491329493548787, -8.04566321981078;
 -0.008469847493709567, 0.02408990074013659, -0.9996739160175, 98.59399546820444;
 -0.5605054365507306, 0.827782417861984, 0.02469664502807046, 697.768240204507;
 0, 0, 0, 1]
[0.8373458332618479, 0.546635872315287, 0.006417056733963694, -8.103470350196096;
 -0.01251323301976554, 0.0309006306998038, -0.9994441305154317, 98.58717218535415;
 -0.5465303052150124, 0.8368000801388941, 0.03271469640888782, 697.6698514194844;
 0, 0, 0, 1]
[0.8398798869295285, 0.5427639843207849, 0.00300547092301202, -8.101105827532352;
 -0.004449478920552097, 0.01242204222337601, -0.9999129437127695, 98.4907997014717;
 -0.5427540673901741, 0.8397933973253348, 0.01284804032507303, 697.3583918594916;
 0, 0, 0, 1]
