OpenCV version : 3.4.0
Major version : 3
Minor version : 4
Subminor version : 0
Working on point file : ../Matlab scripts/points.txt
Camera initialized!
pixel clock range: 38-344        increment: 0
pixel range: 38
Camera pixel clock succesfully set!
FrameTimeRange: 0.111483-0.5     increment: 1e-06exposure range: 0.112705-209.935        increment: 0.0543158
exposure: 209.935 [ms]
Camera exposure succesfully set!
Camera color mode succesfully set!
Display mode succesfully set!
Trigger mode succesfully set!
Trigger mode: 0
file read
press enter to capture image
image captured. processing...
pattern found press enter to save.
pattern saved: 1/5
press enter to capture image
image captured. processing...
pattern found press enter to save.
pattern saved: 2/5
press enter to capture image
image captured. processing...
pattern found press enter to save.
pattern saved: 3/5
press enter to capture image
image captured. processing...
pattern found press enter to save.
pattern saved: 4/5
press enter to capture image
image captured. processing...
pattern found press enter to save.
pattern saved: 5/5

------------------------------------------------------Results------------------------------------------------------

Errorsquare:    -6.27744e+66
intrinsics:
[9699.367579194281, 0, 1013.0560415461;
 0, 9701.106378600216, 921.0251907490934;
 0, 0, 1]
distortion coeffs:
[-0.630886344735199, 68.87523133930196, 0.01357529425186616, 0.00247509168609643, -2247.768018156913]

------------------------------------------------------Result means and SDs------------------------------------------------------

Mean of rvecsall:
[1.503870836833479;
 0.4464223471226739;
 -0.446933886067417]
Standard Deviation of rvecsall:
[0.01261363285730167;
 0.01055012636131108;
 0.01079274579953976]
Mean of tvecsall:
[-9.058622935125999;
 98.57870915790959;
 698.341471222352]
Standard Deviation of tvecsall:
[0.05958041326275442;
 0.04458016987695984;
 0.08607142598785729]

------------------------------------------------------Printing all Cam positions:------------------------------------------------------
[0.8388042212772143, -0.004866240911227393, -0.5444114235272075, 388.1662878597936;
 0.5444112641094128, 0.01646759927831526, 0.838656779430537, -582.33115194258;
 0.00488404323464009, -0.9998525580671397, 0.01646232815489471, 87.12149337613971;
 0, 0, 0, 1]
[0.8334150532620683, -0.005916998420206432, -0.5526159046986243, 394.0287264290184;
 0.5526123806737998, 0.02020833798672313, 0.8331933627927252, -578.9011256264654;
 0.006237445167617539, -0.9997782815232134, 0.02011173966297611, 84.58873842592018;
 0, 0, 0, 1]
[0.8351032940852818, -0.008059072416332302, -0.5500341258137535, 392.5374084310803;
 0.5500521153000358, 0.02444850234919242, 0.8347723888503009, -580.4956687538264;
 0.006720019484194151, -0.9996686061313871, 0.02484993467722213, 81.2764418319001;
 0, 0, 0, 1]
[0.8459945113380153, -0.01219636403160296, -0.5330520945370736, 381.1643328933917;
 0.5331546859185564, 0.03111464398990175, 0.8454454209542253, -588.5899633399589;
 0.006274366026783107, -0.9994414078042746, 0.03282536667231085, 75.6808655110482;
 0, 0, 0, 1]
[0.8512091029654695, 0.001185797447689152, -0.5248253584890247, 374.1091753544948;
 0.5248201382934996, 0.003076562822332443, 0.8512075876087992, -589.8979333625214;
 0.002624017970984882, -0.999994564308033, 0.001996467899730209, 97.12917683206904;
 0, 0, 0, 1]

------------------------------------------------------Printing all Cam extrensics:------------------------------------------------------
[0.8388042212772139, 0.5444112641094125, 0.004884043234640134, -8.993387395266081;
 -0.004866240911227442, 0.01646759927831525, -0.9998525580671395, 98.58715474257536;
 -0.5444114235272073, 0.8386567794305368, 0.01646232815489468, 698.2639071759583;
 0, 0, 0, 1]
[0.8334150532620684, 0.5526123806737998, 0.006237445167617536, -9.009160434171557;
 -0.00591699842020642, 0.02020833798672311, -0.9997782815232134, 98.6000804990336;
 -0.5526159046986242, 0.833193362792725, 0.02011173966297612, 698.3818900323854;
 0, 0, 0, 1]
[0.8351032940852814, 0.5500521153000355, 0.006720019484194265, -9.052591584660025;
 -0.008059072416332422, 0.02444850234919238, -0.9996686061313866, 98.60524443930376;
 -0.5500341258137534, 0.8347723888503007, 0.02484993467722208, 698.4710121481503;
 0, 0, 0, 1]
[0.8459945113380154, 0.5331546859185565, 0.00627436602678296, -9.128285957735214;
 -0.01219636403160281, 0.03111464398990178, -0.9994414078042745, 98.60117689539098;
 -0.5330520945370737, 0.8454454209542251, 0.0328253666723109, 698.3168831765543;
 0, 0, 0, 1]
[0.85120910296547, 0.5248201382934999, 0.002624017970984787, -9.109689303797312;
 0.001185797447689238, 0.003076562822332493, -0.9999945643080336, 98.49988921324424;
 -0.5248253584890248, 0.8512075876087997, 0.001996467899730214, 698.273663578712;
 0, 0, 0, 1]
