OpenCV version : 3.4.0
Major version : 3
Minor version : 4
Subminor version : 0
Working on point file : ../Matlab scripts/points.txt
Camera initialized!
pixel clock range: 38-344        increment: 0
pixel range: 38
Camera pixel clock succesfully set!
FrameTimeRange: 0.111483-0.5     increment: 1e-06exposure range: 0.112705-209.935        increment: 0.0543158
exposure: 209.935 [ms]
Camera exposure succesfully set!
Camera color mode succesfully set!
Display mode succesfully set!
Trigger mode succesfully set!
Trigger mode: 0
file read
press enter to capture image
image captured. processing...
pattern found press enter to save.
pattern saved: 1/5
press enter to capture image
image captured. processing...
pattern found press enter to save.
pattern saved: 2/5
press enter to capture image
image captured. processing...
pattern found press enter to save.
pattern saved: 3/5
press enter to capture image
image captured. processing...
pattern found press enter to save.
pattern saved: 4/5
press enter to capture image
image captured. processing...
pattern found press enter to save.
pattern saved: 5/5

------------------------------------------------------Results------------------------------------------------------

Errorsquare:    -6.27744e+66
intrinsics:
[9699.367579194281, 0, 1013.0560415461;
 0, 9701.106378600216, 921.0251907490934;
 0, 0, 1]
distortion coeffs:
[-0.630886344735199, 68.87523133930196, 0.01357529425186616, 0.00247509168609643, -2247.768018156913]

------------------------------------------------------Result means and SDs------------------------------------------------------

Mean of rvecsall:
[1.500380931392418;
 0.4544366096734562;
 -0.4558871578568185]
Standard Deviation of rvecsall:
[0.007954500050714861;
 0.007353268142182856;
 0.00736421474205288]
Mean of tvecsall:
[-13.06894253071231;
 98.63781814144508;
 700.8360135106743]
Standard Deviation of tvecsall:
[0.06754492482998603;
 0.0392420334439831;
 0.1813364957805602]

------------------------------------------------------Printing all Cam positions:------------------------------------------------------
[0.8383615131017246, -0.004844853754241429, -0.5450931119927007, 393.3592458606709;
 0.5450938610978797, 0.01618232451822937, 0.8382188347720374, -581.9089095158309;
 0.004759825962396325, -0.9998573197038099, 0.01620753810795991, 87.33360576516132;
 0, 0, 0, 1]
[0.8325903433081566, -0.005826691271005768, -0.5538586190525868, 399.6022828434587;
 0.5538563406703019, 0.01966098010024875, 0.8323800813094941, -578.13755216472;
 0.006039381533619048, -0.9997897256575154, 0.01959669207701578, 84.97413325744353;
 0, 0, 0, 1]
[0.8275383940537678, -0.008151741696325543, -0.5613499402994773, 405.1331332590722;
 0.561371040071744, 0.02366184909928693, 0.8272258895041732, -574.9181680130591;
 0.006539245803508897, -0.9996867839501123, 0.02415724031842898, 81.78544273205493;
 0, 0, 0, 1]
[0.8346137932562302, -0.01188837393667347, -0.5507072567813038, 398.1411241353622;
 0.5508007361177081, 0.02925391281586354, 0.8341239462317055, -580.3158483283248;
 0.006193964694607368, -0.9995013132308052, 0.03096384425839725, 76.98756560326024;
 0, 0, 0, 1]
[0.8414536427827217, -0.00482433527767212, -0.5403077760284567, 390.0545283675102;
 0.5403196620996252, 0.01348950089790839, 0.8413517077382517, -583.6436261382692;
 0.003229519505311307, -0.9998973743113111, 0.01395747287695295, 88.8235374827413;
 0, 0, 0, 1]

------------------------------------------------------Printing all Cam extrensics:------------------------------------------------------
[0.8383615131017246, 0.5450938610978798, 0.004759825962396247, -12.99797102117496;
 -0.004844853754241353, 0.0161823245182294, -0.99985731970381, 98.64355181333119;
 -0.5450931119927006, 0.8382188347720374, 0.01620753810795993, 700.7689607915773;
 0, 0, 0, 1]
[0.8325903433081563, 0.5538563406703018, 0.006039381533619059, -13.01304402455106;
 -0.005826691271005779, 0.01966098010024874, -0.9997897256575154, 98.65137541907966;
 -0.5538586190525868, 0.8323800813094943, 0.01959669207701578, 700.8881393009234;
 0, 0, 0, 1]
[0.8275383940537683, 0.5613710400717442, 0.006539245803508807, -13.05562765472473;
 -0.00815174169632547, 0.02366184909928699, -0.9996867839501127, 98.66599380965859;
 -0.5613499402994775, 0.8272258895041735, 0.02415724031842899, 701.0329425004059;
 0, 0, 0, 1]
[0.8346137932562298, 0.5508007361177079, 0.006193964694607406, -13.13253568917104;
 -0.01188837393667351, 0.02925391281586353, -0.9995013132308047, 98.65893271885076;
 -0.5507072567813036, 0.8341239462317053, 0.03096384425839722, 700.9307207616594;
 0, 0, 0, 1]
[0.8414536427827212, 0.5403196620996248, 0.003229519505311417, -13.14553426393962;
 -0.004824335277672238, 0.01348950089790836, -0.9998973743113109, 98.56923694630518;
 -0.5403077760284565, 0.8413517077382513, 0.0139574728769529, 700.5593041988059;
 0, 0, 0, 1]
