OpenCV version : 3.4.0
Major version : 3
Minor version : 4
Subminor version : 0
Working on point file : ../Matlab scripts/points.txt
Camera initialized!
pixel clock range: 38-344        increment: 0
pixel range: 38
Camera pixel clock succesfully set!
FrameTimeRange: 0.111483-0.5     increment: 1e-06exposure range: 0.112705-209.935        increment: 0.0543158
exposure: 209.935 [ms]
Camera exposure succesfully set!
Camera color mode succesfully set!
Display mode succesfully set!
Trigger mode succesfully set!
Trigger mode: 0
file read
press enter to capture image
image captured. processing...
pattern found press enter to save.
pattern saved: 1/5
press enter to capture image
image captured. processing...
pattern found press enter to save.
pattern saved: 2/5
press enter to capture image
image captured. processing...
pattern found press enter to save.
pattern saved: 3/5
press enter to capture image
image captured. processing...
pattern found press enter to save.
pattern saved: 4/5
press enter to capture image
image captured. processing...
pattern found press enter to save.
pattern saved: 5/5

------------------------------------------------------Results------------------------------------------------------

Errorsquare:    -6.27744e+66
intrinsics:
[9699.367579194281, 0, 1013.0560415461;
 0, 9701.106378600216, 921.0251907490934;
 0, 0, 1]
distortion coeffs:
[-0.630886344735199, 68.87523133930196, 0.01357529425186616, 0.00247509168609643, -2247.768018156913]

------------------------------------------------------Result means and SDs------------------------------------------------------

Mean of rvecsall:
[1.50113165271136;
 0.4506626569817698;
 -0.4519043757423843]
Standard Deviation of rvecsall:
[0.008316396785990544;
 0.005053519882660885;
 0.005461365479001727]
Mean of tvecsall:
[-11.56844177963763;
 98.61607945654914;
 699.90086111979]
Standard Deviation of tvecsall:
[0.05926717914912927;
 0.04078669452189246;
 0.1720758981791604]

------------------------------------------------------Printing all Cam positions:------------------------------------------------------
[0.8392539555380497, -0.004877110708553845, -0.543717768612424, 390.6546580710338;
 0.5437180878563155, 0.01643096472338938, 0.8391070636909993, -582.6093996202555;
 0.004841389429600218, -0.9998531078060392, 0.01644152544612912, 87.15536603191174;
 0, 0, 0, 1]
[0.8328761478622058, -0.005872260819591801, -0.5534282599172904, 397.5575952838433;
 0.5534250582221365, 0.01997768797199918, 0.8326593522654497, -578.4370356797268;
 0.006166624201138948, -0.9997831807627893, 0.01988879608728999, 84.7615605825998;
 0, 0, 0, 1]
[0.8389569461441155, -0.007921345430260407, -0.5441401426132001, 391.4138843083462;
 0.5441559811461834, 0.0246061345628752, 0.8386231610948437, -583.2261795941062;
 0.00674616182535337, -0.9996658393825649, 0.02495393500388211, 81.21902599036339;
 0, 0, 0, 1]
[0.834767801460675, -0.01209306359690832, -0.5504693229030594, 396.2236953884545;
 0.5505658923339211, 0.02980484255376308, 0.8342594737603516, -580.5140004015832;
 0.006317898627294927, -0.9994825807252404, 0.0315381512417691, 76.58405797866401;
 0, 0, 0, 1]
[0.8424480423835548, -0.003994933938677447, -0.5387627830380841, 387.125514552851;
 0.5387682724757492, 0.01212871178357458, 0.8423666914853456, -584.2718962311949;
 0.003169299230559253, -0.9999184641025969, 0.01237015315550274, 89.91900850634119;
 0, 0, 0, 1]

------------------------------------------------------Printing all Cam extrensics:------------------------------------------------------
[0.83925395553805, 0.5437180878563155, 0.004841389429600185, -11.50515137467807;
 -0.004877110708553799, 0.01643096472338937, -0.9998531078060394, 98.62066409788002;
 -0.5437177686124242, 0.8391070636909992, 0.01644152544612916, 699.8445744101803;
 0, 0, 0, 1]
[0.8328761478622055, 0.5534250582221365, 0.006166624201139, -11.51738105529128;
 -0.005872260819591865, 0.01997768797199918, -0.9997831807627893, 98.6335791462637;
 -0.5534282599172904, 0.8326593522654498, 0.01988879608728996, 699.9748102358002;
 0, 0, 0, 1]
[0.8389569461441159, 0.5441559811461835, 0.00674616182535333, -11.56129976319399;
 -0.007921345430260357, 0.0246061345628752, -0.9996658393825649, 98.64335222998155;
 -0.5441401426132003, 0.8386231610948438, 0.02495393500388214, 700.0642548971664;
 0, 0, 0, 1]
[0.8347678014606746, 0.5505658923339209, 0.006317898627295057, -11.6274247573885;
 -0.01209306359690844, 0.02980484255376304, -0.9994825807252402, 98.63811864008551;
 -0.5504693229030592, 0.8342594737603516, 0.03153815124176905, 699.9929742009324;
 0, 0, 0, 1]
[0.842448042383555, 0.5387682724757495, 0.003169299230559205, -11.6309519476363;
 -0.003994933938677403, 0.01212871178357461, -0.9999184641025972, 98.54468316853496;
 -0.5387627830380841, 0.8423666914853459, 0.01237015315550275, 699.6276918548709;
 0, 0, 0, 1]
