44
intrinsics:
[9705.282623470172, 0, 1040.798980058879;
 0, 9716.388113390858, 934.3931768190589;
 0, 0, 1]
distCoeffs:
[-0.5396459776846168, 60.57082470566819, 0.0128271451149444, 0.003405658945508523, -1937.515609500375]

------------------------------------------------------Printing all of tvecs:------------------------------------------------------
[-46.39338491964995;
 69.56771009193966;
 671.8992242665848]
[-46.39338491964996;
 69.56771009193967;
 671.899224266585]
[-53.70178572938863;
 69.7495469793155;
 678.7985740394648]
[-58.08119599804732;
 69.94790091894711;
 687.4450592839626]
[-59.19143409536015;
 69.97591926905082;
 695.5723754900661]
[-57.09321364987809;
 70.22602523479701;
 706.1314055981551]
[-51.88529185536227;
 70.34155216488735;
 714.4105221052466]
[-44.26289351821463;
 70.39438801644199;
 720.3379316892903]
[-25.90055902353032;
 70.09935634173823;
 706.9167987189184]
[-21.90903916801673;
 70.02957487569098;
 704.2845381231493]
[-19.58323162848362;
 69.96557121124013;
 701.0512981665609]
[-18.45009666995305;
 69.76775291535112;
 695.536497902781]
[-19.023411904587;
 69.79611093222081;
 691.8818371496412]
[-21.0582940005987;
 69.74292013752762;
 687.8793577322198]
[-24.24729238250803;
 69.72298849402387;
 684.9030733410633]
[-18.70247752006128;
 70.35395046357812;
 688.830688958456]
[-18.69544418361354;
 71.15486503694925;
 685.8654171214856]
[-20.46447670889514;
 52.26286353469862;
 704.7566804756021]
[-20.77632251304328;
 44.76514938502952;
 710.7118648523699]
[-12.76532133438949;
 55.92016597448782;
 694.4871627673923]
[-6.621029134130704;
 48.38670663625641;
 693.6915188906548]
[-27.49941179742327;
 67.87168312112922;
 695.9601201237298]
[-31.74320538277099;
 67.43469755160913;
 696.1043154320316]
[-48.35077524377784;
 16.12836619775397;
 670.6533087368794]
[-54.65296375190841;
 16.29086741302592;
 677.6052794059857]
[-58.16170051686767;
 16.46423812078795;
 685.8257976556439]
[-58.74037196635066;
 16.67106467072195;
 696.7881066973428]
[-55.80107965082428;
 16.79612962898346;
 705.2294214998699]
[-50.35250548699182;
 16.88774453809459;
 712.2398262808041]
[-42.41049584749556;
 16.92827233881195;
 717.4406291891089]
[-27.35971617526604;
 16.70588335709236;
 706.4662323063733]
[-22.83940508973844;
 16.63118723843513;
 704.1012650629757]
[-19.69199499800376;
 16.54583463847134;
 700.6477943530599]
[-17.96535239407967;
 16.45473972684638;
 697.5891843004216]
[-17.85038821677832;
 16.36512352399837;
 690.8733360418076]
[-19.42151726800518;
 16.30540252029688;
 686.3066702176717]
[-22.62050191381213;
 16.26538810694119;
 682.305319057441]
[-10.64349420568556;
 1.779496348286416;
 699.1688133831323]
[-7.425414694006228;
 -4.695433823429793;
 700.49474170622]
[-14.26031379666458;
 -1.26267438780726;
 702.8699984164388]
[-14.09170712020973;
 -11.54825542501228;
 710.9925197091579]
[-21.21688784608853;
 14.43830022884252;
 695.8553405658276]
[-25.42319411946888;
 14.03787980965199;
 693.3658916108316]
[-14.88370986064221;
 17.41680950584223;
 692.0376909506907]

------------------------------------------------------Printing all of rvecs:------------------------------------------------------
[2.704301179912678;
 -0.003136464979187003;
 1.536275124645452]
[2.704301179912679;
 -0.00313646497918708;
 1.536275124645451]
[2.934011864109588;
 -0.005299894598894373;
 1.029405396459085]
[3.067014743599383;
 -0.007889625370764364;
 0.5070587219305064]
[3.151528316137642;
 -0.008130371033476576;
 -0.01598707115245763]
[3.07143499839962;
 -0.01115387665509329;
 -0.5644725743008525]
[2.927992770629028;
 -0.01349308671149181;
 -1.089141345132091]
[2.699061313081491;
 -0.0157844210435747;
 -1.579131952234565]
[2.687847193781673;
 0.004400984283318295;
 1.566226529858717]
[2.940539265074273;
 0.00204338132149503;
 1.019856345022024]
[3.073998704539177;
 -0.0006255134977618443;
 0.516516924873707]
[3.145196436421641;
 -0.002740834839034785;
 -0.00060786487332192]
[3.065634460476554;
 -0.005394481849976119;
 -0.5633167439399477]
[2.924543383887608;
 -0.008569037251870297;
 -1.09710890430496]
[2.700642709999559;
 -0.01156080159834372;
 -1.580412928848464]
[-2.936101939372589;
 0.0006248815827795791;
 0.009948305038786649]
[-2.827599515177201;
 0.0004932288663912691;
 0.002874205295824917]
[2.87582414264795;
 -0.006951798504644356;
 0.005653945824516026]
[2.763325090361508;
 -0.01089362477497572;
 0.02759445207874796]
[3.127627035555735;
 0.3451903908456727;
 -0.006424814636014547]
[3.0449021899089;
 0.5449238696939758;
 -0.1173060190621496]
[3.115722548350167;
 -0.3623446909161096;
 -0.04408904270115807]
[3.096000768002483;
 -0.5768269972717279;
 -0.03076361230959839]
[2.706201441207073;
 -0.004952275051923572;
 1.529237395617461]
[2.928477344356751;
 -0.00665054961499436;
 1.036395968485389]
[3.056750149164178;
 -0.008758596829221674;
 0.5293929793150354]
[3.150488021191169;
 -0.00932600944757664;
 -0.0110750482549898]
[3.069513579117254;
 -0.01260366398067538;
 -0.5780073301793964]
[2.930125426571169;
 -0.01461814926113671;
 -1.082685775679712]
[2.695467547489105;
 -0.01690606015780942;
 -1.583988954870897]
[2.704539945960192;
 0.007181004875382639;
 1.531974726979799]
[2.938843655658064;
 0.005205095741260228;
 1.017116222802972]
[3.072332172698257;
 0.002801199380789421;
 0.5061366863177803]
[3.127664182140953;
 -3.753008295962904e-05;
 -0.06988021762922658]
[3.062913845284389;
 -0.002896915812383259;
 -0.5883412970279306]
[2.928272741127185;
 -0.005884071370511172;
 -1.090136104862033]
[2.695482892393617;
 -0.009722629308984753;
 -1.592213610129327]
[3.094151474026271;
 0.3659833800023752;
 -0.1577372372324698]
[3.065403757599813;
 0.5460760872532586;
 -0.2564425974660869]
[2.890127491269603;
 0.006348991916667091;
 -0.009984401141217009]
[2.727277468198279;
 0.005870808054733542;
 -0.006737976416265526]
[3.128481857738961;
 -0.3620754155770469;
 -0.02407021769780117]
[3.077953784907892;
 -0.5445517351377488;
 0.1019212514873969]
[-2.913544512191953;
 -0.0006212854385384255;
 -0.004330376934393562]



50
intrinsics:
[9699.367579194281, 0, 1013.0560415461;
 0, 9701.106378600216, 921.0251907490934;
 0, 0, 1]
distCoeffs:
[-0.630886344735199, 68.87523133930196, 0.01357529425186616, 0.00247509168609643, -2247.768018156913]

------------------------------------------------------Printing all of tvecs:------------------------------------------------------
[-11.86082774135777;
 71.1121283570149;
 721.1352613849095]
[-11.86082774135777;
 71.11212835701488;
 721.1352613849094]
[-8.464894262679772;
 71.0575156782707;
 718.5933002902506]
[-6.329464174484922;
 70.99709539611105;
 715.3461768009897]
[-5.471061162249637;
 70.8192286634159;
 709.9348334494538]
[-6.253719055090956;
 70.81930643150098;
 706.3559482465934]
[-8.146017929849286;
 70.75952582710919;
 702.8774543708743]
[-11.70207209030588;
 70.69945456772254;
 699.5072948099006]
[-34.4308636643986;
 70.42752622438157;
 687.1548411724116]
[-41.39452757289005;
 70.59125975279795;
 694.4381103643723]
[-45.35810512678994;
 70.78823456891386;
 703.3722995169628]
[-46.07213858206879;
 70.91319599166704;
 712.4306937807359]
[-43.53559649829563;
 71.12651774083132;
 722.0838359950864]
[-37.56921387172215;
 71.27714264941959;
 730.4213095127718]
[-29.79800468805508;
 71.36138462700656;
 735.7540810087231]
[-0.2284000937047692;
 63.68473424704083;
 708.1608349266743]
[-3.688663045019527;
 61.89221531940682;
 713.6461631801322]
[-3.360995659088875;
 46.9301530182213;
 723.4631795827341]
[-9.386628261406534;
 69.76246279889617;
 710.7377293233723]
[-16.30697997838284;
 68.46272523436949;
 710.9931293932407]
[-6.504422732327044;
 71.00978753198549;
 707.1536562695489]
[-7.662426609071304;
 72.92713942135327;
 698.9996649136514]
[-32.8805193065685;
 16.94099686119639;
 685.888342581536]
[-39.34418752198408;
 17.07990488202676;
 692.3838802335562]
[-43.04270234299036;
 17.24495284948116;
 700.0350158460096]
[-43.99320235015574;
 17.45279768213788;
 711.0072283123253]
[-41.73706098945075;
 17.60839988878929;
