with 44
intrinsics:
[9705.282623470172, 0, 1040.798980058879;
 0, 9716.388113390858, 934.3931768190589;
 0, 0, 1]
distCoeffs:
[-0.5396459776846168, 60.57082470566819, 0.0128271451149444, 0.003405658945508523, -1937.515609500375]

with 44
intrinsics:
[9705.282623470172, 0, 1040.798980058879;
 0, 9716.388113390858, 934.3931768190589;
 0, 0, 1]
distCoeffs:
[-0.5396459776846168, 60.57082470566819, 0.0128271451149444, 0.003405658945508523, -1937.515609500375]

with 50
intrinsics:
[9699.367579194281, 0, 1013.0560415461;
 0, 9701.106378600216, 921.0251907490934;
 0, 0, 1]
distCoeffs:
[-0.630886344735199, 68.87523133930196, 0.01357529425186616, 0.00247509168609643, -2247.768018156913]

with 50
intrinsics:
[9699.367579194281, 0, 1013.0560415461;
 0, 9701.106378600216, 921.0251907490934;
 0, 0, 1]
distCoeffs:
[-0.630886344735199, 68.87523133930196, 0.01357529425186616, 0.00247509168609643, -2247.768018156913]
