figure(1);
clf;
hold on;


A(:,:,1)=[0.838569657658786, -0.004854708063505353, -0.544772760941335, 387.2186462443449;
 0.5447723976489114, 0.01645750688223908, 0.8384224384086326, -582.1557217392054;
 0.004895305290082086, -0.9998527803015999, 0.0164454768637977, 87.12351558624761;
 0, 0, 0, 1];
A(:,:,2)=[0.8399891725669989, -0.005764700991260474, -0.5425725372636274, 385.8712132903458;
 0.5425669449688151, 0.02047646819979419, 0.8397629573143064, -583.6136488497947;
 0.006268986952906619, -0.999773715633965, 0.02032774778572649, 84.42920893637451;
 0, 0, 0, 1];
A(:,:,3)=[0.8338265780076746, -0.008243372116391756, -0.5519649306107791, 392.7086432739236;
 0.5519854174245342, 0.02464653190001461, 0.8334894404945777, -579.6195195082062;
 0.006733257656907909, -0.9996622406000198, 0.02510115455259843, 81.09786340810167;
 0, 0, 0, 1];
A(:,:,4)=[0.8379712719393323, -0.01263672260316134, -0.5455680165169401, 388.6792233454054;
 0.5456774050787958, 0.03103520628964003, 0.8374204353591039, -582.8584466790344;
 0.006349566193781409, -0.9994384069128073, 0.03290218528822288, 75.6276379690736;
 0, 0, 0, 1];
A(:,:,5)=[0.8497090744577724, 0.0003969028436870969, -0.5272516773346949, 374.6098073888453;
 0.527245574210276, 0.004230399176345156, 0.8497024233215329, -588.79501543672;
 0.002567734369627261, -0.9999909730547281, 0.003385343300993715, 96.13640048634606;
 0, 0, 0, 1];


color=['r','b','g','k','y'];

for ii=1:5
Location=A(1:3,4,ii)';
Orientation=A(1:3,1:3,ii)';
plotCamera('Location',Location,'Orientation',Orientation,'Opacity',0,'Color',color(ii), 'Size',10);
end


[file,path] = uigetfile('C:\Users\Sanya\source\repos\uEye_Cam_Calibration\Matlab scripts\*.xyz');
fileID = fopen(fullfile(path,file));
tline = fgetl(fileID);

while ischar(tline)    
    %disp(tline)
    num=str2num(tline);
    color=[num(4)/255,num(5)/255,num(6)/255]
    plot3(num(1),num(2),num(3),'x','Color',color);
    tline = fgetl(fileID);
end


grid on
axis equal
axis manual
xlim([0,600]);
ylim([-600,40]);
zlim([0,120]);
xlabel('x');
ylabel('y'); 
zlabel('z');